x
1 0
2 0.0294117647058824
3 0.0588235294117647
4 0.0882352941176471
5 0.117647058823529
6 0.147058823529412
7 0.176470588235294
8 0.205882352941176
9 0.235294117647059
10 0.251192368839428
11 0.25593395252838
12 0.258212375859435
13 0.259551243177683
14 0.260432378079437
15 0.261056247316445
16 0.261521168977145
17 0.261881023595879
18 0.262167811286951
19 0.262401734887503
20 0.262596177711591
21 0.262760357061112
22 0.262900828201317
23 0.26302238066944
24 0.263128595286695
25 0.263222202827719
26 0.263305322128852
27 0.263379622405992
28 0.263446436509112
29 0.263506841585555
30 0.263561717593216
31 0.263611790449221
32 0.263657664323591
33 0.263699846135637
34 0.263738764364547
