x
1 0.499032882011605
2 0.5
3 0.509803921568627
4 0.520460358056266
5 0.529411764705882
6 0.532085561497326
7 0.544817927170868
8 0.557624488644379
9 0.558823529411765
10 0.574303405572755
11 0.588235294117647
12 0.591503267973856
13 0.610726643598616
14 0.617647058823529
15 0.632352941176471
16 0.647058823529412
17 0.656862745098039
18 0.676470588235294
19 0.684873949579832
20 0.705882352941176
21 0.717194570135747
22 0.735294117647059
23 0.754901960784314
24 0.764705882352941
25 0.794117647058823
26 0.799465240641711
27 0.823529411764706
28 0.85063702900515
29 0.852941176470588
30 0.882352941176471
31 0.911764705882353
32 0.918300653594771
33 0.941176470588235
34 0.970588235294118
35 0.997175141242938
36 1
