x
1 340.917347865577
2 340.917347865577
3 350
4 350.917347865577
5 350.917347865577
6 360
7 360.917347865577
8 370
9 370.917347865577
10 380
11 380.917347865577
12 390
13 390.917347865577
14 400
15 400.917347865577
16 410
17 410.480723465017
18 420
19 420.325701386649
20 430
21 430.325701386649
22 440
23 440.246281394782
24 450
25 450.246281394782
26 460
27 460.325701386649
28 470
29 470.480723465017
30 480
31 490
32 490.917347865577
33 500
34 500.917347865577
35 510
36 520
37 530
38 530.917347865577
39 540
40 550
41 560
42 570
43 570.917347865577
44 580
45 590
46 600
47 610
