x
1 870
2 860
3 850.917347865577
4 850
5 840
6 830.917347865577
7 830
8 820.917347865577
9 820
10 810.917347865577
11 810
12 800.917347865577
13 800
14 790.917347865577
15 790
16 780.917347865577
17 780
18 770.480723465017
19 770
20 760.325701386649
21 760
22 750.325701386649
23 750
24 740.246281394782
25 740
26 730.246281394782
27 730
28 720.325701386649
29 720
30 710.480723465017
31 710.480723465017
32 710
33 700.917347865577
34 700
35 690.917347865577
36 690.917347865577
37 690.917347865577
38 690
39 680.917347865577
40 680.917347865577
41 680.917347865577
42 680.917347865577
43 680
44 670.917347865577
45 670.917347865577
46 670.917347865577
47 670.917347865577
