x
1 NA
2 NA
3 NA
4 NA
5 NA
6 87
7 82
8 75
9 63
10 50
11 43
12 32
13 35
14 60
15 54
16 55
17 36
18 39
19 NA
20 NA
21 69
22 57
23 57
24 51
25 45
26 37
27 46
28 39
29 36
30 24
31 32
32 23
33 25
34 32
35 NA
36 32
37 59
38 74
39 75
40 60
41 71
42 61
43 71
44 57
45 71
46 68
47 79
48 73
49 76
50 71
51 67
52 75
53 79
54 62
55 63
56 57
57 60
58 49
59 48
60 52
61 57
62 62
63 61
64 66
65 71
66 62
67 61
68 57
69 72
70 83
71 71
72 78
73 79
74 71
75 62
76 74
77 76
78 64
79 62
80 57
81 80
82 73
83 69
84 69
85 71
86 64
87 69
88 62
89 63
90 46
91 56
92 44
93 44
94 52
95 38
96 46
97 36
98 49
99 35
100 44
101 59
102 65
103 65
104 56
105 66
106 53
107 61
108 52
109 51
110 48
111 54
112 49
113 49
114 61
115 NA
116 NA
117 68
118 44
119 40
120 27
121 28
122 25
123 24
124 24
125 NA
126 NA
127 NA
128 NA
129 NA
130 NA
131 NA
132 NA
133 NA
134 NA
135 NA
136 NA
137 NA
138 NA
139 NA
140 NA
141 NA
142 NA
