x
1 0.267243953418931
2 0.267530741110003
3 0.267890595728737
4 0.268355517389438
5 0.268979386626445
6 0.269860521528199
7 0.271199388846448
8 0.273477812177503
9 0.278219395866455
10 0.294117647058824
11 0.323529411764706
12 0.352941176470588
13 0.382352941176471
14 0.411764705882353
15 0.441176470588235
16 0.470588235294118
17 0.5
18 0.529411764705882
19 0.558823529411765
20 0.588235294117647
21 0.617647058823529
22 0.647058823529412
23 0.676470588235294
24 0.705882352941176
25 0.735294117647059
26 0.764705882352941
27 0.794117647058823
28 0.823529411764706
29 0.852941176470588
30 0.882352941176471
31 0.911764705882353
32 0.941176470588235
33 0.970588235294118
34 1
