x
1 1
2 0.998054474708171
3 0.970588235294118
4 0.943438914027149
5 0.941176470588235
6 0.911764705882353
7 0.894957983193277
8 0.882352941176471
9 0.852941176470588
10 0.851363889404342
11 0.823529411764706
12 0.816176470588235
13 0.794117647058823
14 0.783737024221453
15 0.764705882352941
16 0.754901960784314
17 0.735294117647059
18 0.729102167182663
19 0.705882352941176
20 0.70468331217379
21 0.684873949579832
22 0.676470588235294
23 0.665775401069519
24 0.648337595907928
25 0.647058823529412
26 0.632352941176471
27 0.617647058823529
28 0.616679940835135
