x
1 0.616679940835135
2 0.617647058823529
3 0.632352941176471
4 0.647058823529412
5 0.648337595907928
6 0.665775401069519
7 0.676470588235294
8 0.684873949579832
9 0.70468331217379
10 0.705882352941176
11 0.729102167182663
12 0.735294117647059
13 0.754901960784314
14 0.764705882352941
15 0.783737024221453
16 0.794117647058823
17 0.816176470588235
18 0.823529411764706
19 0.851363889404342
20 0.852941176470588
21 0.882352941176471
22 0.894957983193277
23 0.911764705882353
24 0.941176470588235
25 0.943438914027149
26 0.970588235294118
27 0.998054474708171
28 1
