V1 V2 V3 V4 V5 V6 V7 V8 V9 V10 V11 V12 V13 V14 V15 V16 V17 V18 V19 V20 V21 V22 V23 V24 V25 V26 V27 V28 V29 V30 V31 V32 V33 V34 V35
1 81 72 63 54 45 36 27 18 9 0 -9 -18 -27 -36 -45 -54 -63 -72 -81 -90 -99 -108 -117 -126 -135 -144 -153 -162 -171 -180 -189 -198 -207 -216 -225
2 72 64 56 48 40 32 24 16 8 0 -8 -16 -24 -32 -40 -48 -56 -64 -72 -80 -88 -96 -104 -112 -120 -128 -136 -144 -152 -160 -168 -176 -184 -192 -200
3 63 56 49 42 35 28 21 14 7 0 -7 -14 -21 -28 -35 -42 -49 -56 -63 -70 -77 -84 -91 -98 -105 -112 -119 -126 -133 -140 -147 -154 -161 -168 -175
4 54 48 42 36 30 24 18 12 6 0 -6 -12 -18 -24 -30 -36 -42 -48 -54 -60 -66 -72 -78 -84 -90 -96 -102 -108 -114 -120 -126 -132 -138 -144 -150
5 45 40 35 30 25 20 15 10 5 0 -5 -10 -15 -20 -25 -30 -35 -40 -45 -50 -55 -60 -65 -70 -75 -80 -85 -90 -95 -100 -105 -110 -115 -120 -125
6 36 32 28 24 20 16 12 8 4 0 -4 -8 -12 -16 -20 -24 -28 -32 -36 -40 -44 -48 -52 -56 -60 -64 -68 -72 -76 -80 -84 -88 -92 -96 -100
7 27 24 21 18 15 12 9 6 3 0 -3 -6 -9 -12 -15 -18 -21 -24 -27 -30 -33 -36 -39 -42 -45 -48 -51 -54 -57 -60 -63 -66 -69 -72 -75
8 18 16 14 12 10 8 6 4 2 0 -2 -4 -6 -8 -10 -12 -14 -16 -18 -20 -22 -24 -26 -28 -30 -32 -34 -36 -38 -40 -42 -44 -46 -48 -50
9 9 8 7 6 5 4 3 2 1 0 -1 -2 -3 -4 -5 -6 -7 -8 -9 -10 -11 -12 -13 -14 -15 -16 -17 -18 -19 -20 -21 -22 -23 -24 -25
10 0 0 0 0 0 0 0 0 0 0 0 0 0 0 0 0 0 0 0 0 0 0 0 0 0 0 0 0 0 0 0 0 0 0 0
11 -9 -8 -7 -6 -5 -4 -3 -2 -1 0 1 2 3 4 5 6 7 8 9 10 11 12 13 14 15 16 17 18 19 20 21 22 23 24 25
12 -18 -16 -14 -12 -10 -8 -6 -4 -2 0 2 4 6 8 10 12 14 16 18 20 22 24 26 28 30 32 34 36 38 40 42 44 46 48 50
13 -27 -24 -21 -18 -15 -12 -9 -6 -3 0 3 6 9 12 15 18 21 24 27 30 33 36 39 42 45 48 51 54 57 60 63 66 69 72 75
14 -36 -32 -28 -24 -20 -16 -12 -8 -4 0 4 8 12 16 20 24 28 32 36 40 44 48 52 56 60 64 68 72 76 80 84 88 92 96 100
15 -45 -40 -35 -30 -25 -20 -15 -10 -5 0 5 10 15 20 25 30 35 40 45 50 55 60 65 70 75 80 85 90 95 100 105 110 115 120 125
16 -54 -48 -42 -36 -30 -24 -18 -12 -6 0 6 12 18 24 30 36 42 48 54 60 66 72 78 84 90 96 102 108 114 120 126 132 138 144 150
17 -63 -56 -49 -42 -35 -28 -21 -14 -7 0 7 14 21 28 35 42 49 56 63 70 77 84 91 98 105 112 119 126 133 140 147 154 161 168 175
18 -72 -64 -56 -48 -40 -32 -24 -16 -8 0 8 16 24 32 40 48 56 64 72 80 88 96 104 112 120 128 136 144 152 160 168 176 184 192 200
19 -81 -72 -63 -54 -45 -36 -27 -18 -9 0 9 18 27 36 45 54 63 72 81 90 99 108 117 126 135 144 153 162 171 180 189 198 207 216 225
20 -90 -80 -70 -60 -50 -40 -30 -20 -10 0 10 20 30 40 50 60 70 80 90 100 110 120 130 140 150 160 170 180 190 200 210 220 230 240 250
21 -99 -88 -77 -66 -55 -44 -33 -22 -11 0 11 22 33 44 55 66 77 88 99 110 121 132 143 154 165 176 187 198 209 220 231 242 253 264 275
22 -108 -96 -84 -72 -60 -48 -36 -24 -12 0 12 24 36 48 60 72 84 96 108 120 132 144 156 168 180 192 204 216 228 240 252 264 276 288 300
23 -117 -104 -91 -78 -65 -52 -39 -26 -13 0 13 26 39 52 65 78 91 104 117 130 143 156 169 182 195 208 221 234 247 260 273 286 299 312 325
24 -126 -112 -98 -84 -70 -56 -42 -28 -14 0 14 28 42 56 70 84 98 112 126 140 154 168 182 196 210 224 238 252 266 280 294 308 322 336 350
25 -135 -120 -105 -90 -75 -60 -45 -30 -15 0 15 30 45 60 75 90 105 120 135 150 165 180 195 210 225 240 255 270 285 300 315 330 345 360 375
26 -144 -128 -112 -96 -80 -64 -48 -32 -16 0 16 32 48 64 80 96 112 128 144 160 176 192 208 224 240 256 272 288 304 320 336 352 368 384 400
27 -153 -136 -119 -102 -85 -68 -51 -34 -17 0 17 34 51 68 85 102 119 136 153 170 187 204 221 238 255 272 289 306 323 340 357 374 391 408 425
28 -162 -144 -126 -108 -90 -72 -54 -36 -18 0 18 36 54 72 90 108 126 144 162 180 198 216 234 252 270 288 306 324 342 360 378 396 414 432 450
29 -171 -152 -133 -114 -95 -76 -57 -38 -19 0 19 38 57 76 95 114 133 152 171 190 209 228 247 266 285 304 323 342 361 380 399 418 437 456 475
30 -180 -160 -140 -120 -100 -80 -60 -40 -20 0 20 40 60 80 100 120 140 160 180 200 220 240 260 280 300 320 340 360 380 400 420 440 460 480 500
31 -189 -168 -147 -126 -105 -84 -63 -42 -21 0 21 42 63 84 105 126 147 168 189 210 231 252 273 294 315 336 357 378 399 420 441 462 483 504 525
32 -198 -176 -154 -132 -110 -88 -66 -44 -22 0 22 44 66 88 110 132 154 176 198 220 242 264 286 308 330 352 374 396 418 440 462 484 506 528 550
33 -207 -184 -161 -138 -115 -92 -69 -46 -23 0 23 46 69 92 115 138 161 184 207 230 253 276 299 322 345 368 391 414 437 460 483 506 529 552 575
34 -216 -192 -168 -144 -120 -96 -72 -48 -24 0 24 48 72 96 120 144 168 192 216 240 264 288 312 336 360 384 408 432 456 480 504 528 552 576 600
35 -225 -200 -175 -150 -125 -100 -75 -50 -25 0 25 50 75 100 125 150 175 200 225 250 275 300 325 350 375 400 425 450 475 500 525 550 575 600 625
