x
1 119.082652134423
2 110
3 109.082652134423
4 109.082652134423
5 100
6 99.0826521344233
7 99.0826521344233
8 99.0826521344233
9 99.0826521344233
10 100
11 109.082652134423
12 109.082652134423
13 109.519276534983
14 100
15 99.5192765349833
16 99.5192765349833
17 90
18 89.5192765349833
19 86.6666666666667
20 80
21 79.5192765349833
22 72.5
23 70
24 65
25 60
26 59.5192765349833
27 59.5192765349833
28 55
29 52.5
30 50
31 49.6742986133505
32 45
33 40
34 39.6742986133505
35 36.6666666666667
36 30
37 29.7537186052182
38 27.5
39 22.5
40 20
41 19.6742986133505
42 19.6742986133505
43 19.5192765349833
44 19.5192765349833
45 10
