x
1 1
2 0.997175141242938
3 0.970588235294118
4 0.941176470588235
5 0.918300653594771
6 0.911764705882353
7 0.882352941176471
8 0.852941176470588
9 0.85063702900515
10 0.823529411764706
11 0.799465240641711
12 0.794117647058823
13 0.764705882352941
14 0.754901960784314
15 0.735294117647059
16 0.717194570135747
17 0.705882352941176
18 0.684873949579832
19 0.676470588235294
20 0.656862745098039
21 0.647058823529412
22 0.632352941176471
23 0.617647058823529
24 0.610726643598616
25 0.591503267973856
26 0.588235294117647
27 0.574303405572755
28 0.558823529411765
29 0.557624488644379
30 0.544817927170868
31 0.532085561497326
32 0.529411764705882
33 0.520460358056266
34 0.509803921568627
35 0.5
36 0.499032882011605
