x
1 0.381385823188076
2 0.382352941176471
3 0.387254901960784
4 0.392583120204604
5 0.398395721925134
6 0.404761904761905
7 0.410565665114967
8 0.411764705882353
9 0.419504643962848
10 0.428104575163399
11 0.437716262975779
12 0.441176470588235
13 0.448529411764706
14 0.46078431372549
15 0.470588235294118
16 0.474789915966387
17 0.490950226244344
18 0.5
19 0.509803921568627
20 0.529411764705882
21 0.532085561497326
22 0.556519381946327
23 0.558823529411765
24 0.588235294117647
25 0.591503267973856
26 0.617647058823529
27 0.632352941176471
28 0.647058823529412
29 0.676470588235294
30 0.684873949579832
31 0.705882352941176
32 0.735294117647059
33 0.754901960784314
34 0.764705882352941
35 0.794117647058823
36 0.823529411764706
37 0.848667672197084
38 0.852941176470588
39 0.882352941176471
40 0.911764705882353
41 0.941176470588235
42 0.970588235294118
43 0.994845360824742
44 1
