x
1 1
2 0.994845360824742
3 0.970588235294118
4 0.941176470588235
5 0.911764705882353
6 0.882352941176471
7 0.852941176470588
8 0.848667672197084
9 0.823529411764706
10 0.794117647058823
11 0.764705882352941
12 0.754901960784314
13 0.735294117647059
14 0.705882352941176
15 0.684873949579832
16 0.676470588235294
17 0.647058823529412
18 0.632352941176471
19 0.617647058823529
20 0.591503267973856
21 0.588235294117647
22 0.558823529411765
23 0.556519381946327
24 0.532085561497326
25 0.529411764705882
26 0.509803921568627
27 0.5
28 0.490950226244344
29 0.474789915966387
30 0.470588235294118
31 0.46078431372549
32 0.448529411764706
33 0.441176470588235
34 0.437716262975779
35 0.428104575163399
36 0.419504643962848
37 0.411764705882353
38 0.410565665114967
39 0.404761904761905
40 0.398395721925134
41 0.392583120204604
42 0.387254901960784
43 0.382352941176471
44 0.381385823188076
